0220:0333,0200,0332,0336,0333,0337,0326,0342,0336,0330,0332,0335,0337,0342,0336,0334,0331,0337,0320,0210,
0221:0220,0220,0220,0220,0220,0220,0220,0220,0211,0211,0211,0211,0211,0211,0211,0211,
0222:0304,0335,0306,0201,0334,0334,0201,0334,0334,0201,0334,0334,0322,0336,0330,0334,0201,0334,0334,0201,0334,0334,0201,0334,0331,0337,0320,0210,0304,0334,
0223:0222,0222,0222,0222,0222,0222,0222,0211,0211,0211,0211,0211,0211,0211,
0224:0304,0335,0305,0311,0201,0334,0201,0334,0201,0334,0201,0334,0201,0334,0334,0337,0201,0335,0335,0201,0335,0335,0336,0350,0334,0304,0330,0335,0313,0210,
0225:0224,0224,0224,0224,0224,0224,0224,0224,0224,0224,0224,0224,0211,0211,0211,0211,0211,0211,0211,0211,0211,0211,0211,0211,
0244:0243,0243,0243,0243,
01220:0220,0220,0211,0211,0333,
01221:0221,0333,
01222:0333,0200,0332,0222,0222,0211,0211,0333,
01223:0333,0200,0332,0223,0333,
01224:0333,0200,
01225:0333,0200,
01226:0333,0200,
01227:0333,0200,
01230:0333,0200,
01231:0333,0200,
01232:0333,0200,
01233:0333,0200,
01234:0333,0200,
01235:0333,0200,
01236:0333,0200,
01237:0333,0200,
01240:0333,0200,
01241:0333,0200,
01242:0333,0200,
01243:0333,0200,
01244:0333,0200,
01245:0333,0200,
01246:0333,0200,
01247:0333,0200,
