01101:0321,0362,0203,0335,0336,0203,0335,0337,0203,0335,0336,0203,0363,0335,0333,0337,0326,0362,0203,0335,0336,0203,0335,0306,0350,0335,0312,0336,0313,0337,0203,0334,0334,0203,0335,0335,0335,0335,0336,0312,0337,0203,0363,0331,0304,0335,0313,0337,0320,0336,0336,0336,0333,0337,0337,0337,
01102:0322,0362,0203,0335,0203,0335,0306,0350,0335,0336,0312,0336,0313,0337,0203,0334,0334,0203,0335,0335,0335,0335,0336,0312,0337,0313,0203,0203,0363,0331,0331,0304,0335,0313,0337,0320,0336,0336,0336,0333,0337,0337,0337,
01103:0330,0335,0326,0362,0203,0335,0316,0336,0203,0335,0337,0203,0335,0336,0203,0363,0331,0335,0321,0337,0362,0203,0335,0336,0203,0335,0337,0203,0335,0336,0203,0363,0331,0335,0322,0337,0362,0203,0335,0336,0203,0335,0337,0203,0335,0336,0203,0363,0331,0335,0337,0321,0362,0203,0335,0336,0203,0335,0337,0203,0335,0336,0203,0363,0331,0326,0335,0337,0362,0203,0335,0336,0203,0335,0337,0203,0335,0336,0363,0337,0333,0313,0320,0336,0336,0336,0333,0337,0337,0337,
01104:0316,0324,0336,0362,0203,0335,0337,0203,0335,0336,0203,0335,0337,0203,0363,0335,0336,0330,0335,0326,0337,0362,0203,0334,0336,0203,0203,0203,0334,0337,0203,0334,0336,0203,0203,0203,0363,0331,0331,0331,0334,0337,0324,0362,0203,0334,0336,0203,0334,0337,0203,0334,0336,0363,0335,0335,0337,0333,0331,0320,0313,0336,0336,0336,0333,0337,0337,0337,
01105:0336,0322,0362,0203,0335,0203,0203,0335,0203,0335,0203,0203,0363,0335,0330,0326,0362,0203,0335,0203,0203,0335,0203,0335,0203,0203,0363,0335,0333,0333,0331,0336,0336,0333,0337,0337,0337,0320,
01106:0333,0321,0204,0322,0336,0332,0350,0334,0310,0337,0304,0362,0203,0335,0203,0335,0203,0335,0203,0363,0335,0336,0350,0335,0320,0313,0304,0333,0337,0336,0336,0336,0333,0337,0337,0337,
01107:0316,0324,0362,0203,0335,0336,0203,0335,0337,0203,0335,0336,0203,0363,0335,0333,0326,0337,0362,0203,0335,0336,0203,0335,0337,0203,0335,0336,0203,0363,0331,0335,0337,0324,0362,0203,0335,0336,0203,0335,0337,0203,0335,0336,0203,0363,0331,0335,0326,0337,0362,0203,0335,0336,0203,0335,0337,0203,0335,0336,0203,0363,0335,0333,0324,0337,0362,0203,0335,0336,0203,0335,0337,0203,0335,0336,0203,0363,0335,0333,0337,0313,0320,0336,0336,0336,0333,0337,0337,0337,
01110:0321,0362,0203,0335,0336,0203,0335,0337,0203,0335,0336,0203,0363,0335,0333,0337,0322,0362,0203,0335,0336,0203,0335,0337,0203,0335,0336,0203,0363,0335,0333,0336,0336,0333,0337,0337,0337,0320,
01111:0333,0324,0204,0320,0336,0330,0332,0336,0347,0333,0333,0331,0331,0337,0337,0336,0336,0336,0333,0337,0337,0337,
01112:0326,0314,0336,0362,0203,0335,0337,0203,0335,0336,0203,0335,0337,0203,0363,0335,0336,0330,0321,0362,0203,0335,0337,0203,0335,0336,0203,0335,0337,0203,0363,0335,0336,0330,0326,0362,0203,0335,0337,0203,0335,0336,0203,0335,0337,0203,0363,0335,0336,0330,0337,0333,0331,0320,0313,0336,0336,0336,0333,0337,0337,0337,
01113:0324,0362,0203,0336,0335,0203,0335,0337,0203,0335,0336,0203,0363,0331,0335,0326,0337,0362,0203,0335,0336,0203,0335,0337,0203,0335,0336,0203,0363,0335,0333,0337,0336,0336,0336,0333,0337,0337,0337,0320,
01114:0336,0333,0204,0330,0333,0204,0332,0324,0204,0333,0331,0204,0320,0337,0336,0336,0336,0333,0337,0337,0337,
01115:0326,0333,0204,0321,0336,0336,0336,0362,0203,0350,0334,0310,0337,0203,0203,0203,0203,0203,0203,0203,0334,0336,0203,0334,0334,0203,0334,0337,0203,0203,0203,0203,0203,0203,0203,0334,0336,0203,0363,0331,0331,0331,0331,0331,0331,0331,0334,0337,0362,0203,0203,0203,0203,0203,0203,0203,0334,0336,0203,0334,0334,0203,0334,0337,0203,0203,0203,0203,0203,0203,0203,0334,0336,0203,0334,0334,0203,0334,0363,0335,0304,0313,0334,0332,0337,0337,0337,0320,0333,0336,0336,0336,0333,0337,0337,0337,
01116:0321,0336,0336,0333,0204,0333,0333,0204,0330,0333,0204,0332,0332,0204,0330,0332,0204,0333,0333,0204,0330,0333,0204,0332,0332,0204,0332,0326,0204,0333,0333,0204,0331,0332,0204,0333,0333,0204,0331,0332,0204,0332,0332,0204,0331,0333,0204,0333,0333,0204,0337,0337,0320,0336,0336,0336,0333,0337,0337,0337,
01117:0324,0362,0203,0335,0350,0335,0310,0337,0203,0335,0335,0335,0336,0203,0363,0331,0335,0337,0322,0362,0203,0335,0335,0335,0336,0203,0335,0335,0203,0363,0304,0334,0334,0320,0313,0336,0336,0336,0333,0337,0337,0337,
01120:0326,0333,0204,0314,0321,0336,0330,0332,0204,0333,0331,0337,0320,0313,0336,0336,0336,0333,0337,0337,0337,
01121:0333,0324,0204,0320,0336,0336,0336,0333,0337,0337,0337,
01122:0333,0322,0204,0316,0324,0336,0332,0332,0337,0362,0203,0336,0334,0203,0334,0337,0203,0334,0336,0203,0363,0334,0330,0330,0335,0337,0336,0331,0331,0331,0337,0362,0203,0336,0334,0203,0334,0337,0203,0334,0336,0203,0363,0334,0334,0331,0331,0337,0320,0333,0313,0336,0336,0336,0333,0337,0337,0337,
01123:0333,0321,0204,0326,0314,0336,0330,0332,0204,0333,0331,0337,0320,0313,0336,0336,0336,0333,0337,0337,0337,0304,
01124:0322,0314,0362,0203,0335,0336,0203,0335,0337,0203,0335,0336,0203,0363,0335,0333,0321,0337,0362,0203,0335,0336,0203,0335,0337,0203,0335,0336,0203,0363,0331,0335,0337,0326,0362,0203,0335,0336,0203,0335,0337,0203,0335,0336,0203,0363,0331,0335,0337,0320,0314,0313,0336,0336,0336,0333,0337,0337,0337,
01125:0321,0336,0333,0204,0330,0333,0204,0332,0322,0204,0331,0333,0204,0337,0320,0336,0336,0336,0333,0337,0337,0337,
01126:0333,0321,0204,0321,0336,0336,0336,0322,0362,0203,0350,0334,0310,0337,0203,0203,0203,0203,0203,0203,0203,0334,0336,0203,0334,0334,0203,0334,0337,0203,0203,0203,0203,0203,0203,0203,0334,0336,0203,0363,0331,0331,0331,0331,0331,0331,0331,0334,0337,0322,0362,0203,0203,0203,0203,0203,0203,0203,0334,0336,0203,0334,0334,0203,0334,0337,0203,0203,0203,0203,0203,0203,0203,0334,0336,0203,0334,0334,0203,0334,0363,0335,0304,0313,0334,0332,0337,0337,0337,0333,0336,0336,0336,0333,0337,0337,0337,0320,
01127:0333,0326,0204,0316,0336,0330,0332,0334,0321,0335,0314,0337,0204,0336,0322,0330,0332,0204,0331,0333,0331,0333,0316,0337,0320,0313,0336,0336,0336,0333,0337,0337,0337,
01130:0333,0321,0204,0316,0326,0336,0332,0332,0337,0362,0203,0334,0336,0203,0334,0337,0203,0334,0336,0203,0363,0334,0333,0333,0330,0330,0334,0337,0362,0203,0335,0336,0203,0335,0337,0203,0335,0336,0203,0363,0335,0335,0331,0331,0337,0320,0313,0336,0336,0336,0333,0337,0337,0337,
01131:0316,0336,0322,0350,0335,0310,0337,0362,0203,0203,0203,0203,0203,0335,0335,0335,0336,0203,0335,0337,0203,0203,0203,0203,0335,0336,0203,0363,0335,0335,0324,0362,0203,0335,0337,0203,0203,0203,0203,0335,0336,0203,0335,0335,0335,0337,0203,0203,0203,0203,0203,0363,0335,0335,0335,0336,0330,0322,0362,0203,0335,0337,0203,0203,0203,0335,0336,0203,0335,0335,0335,0337,0203,0203,0203,0203,0363,0335,0335,0335,0336,0330,0324,0335,0337,0362,0203,0203,0203,0334,0334,0334,0336,0203,0334,0337,0203,0203,0334,0336,0203,0363,0331,0334,0334,0334,0322,0337,0362,0203,0203,0334,0334,0334,0336,0203,0334,0337,0203,0334,0336,0203,0363,0331,0335,0335,0335,0335,0324,0362,0203,0335,0335,0203,0335,0335,0335,0337,0203,0363,0334,0336,0331,0304,0335,0331,0331,0331,0331,0331,0334,0330,0350,0335,0337,0362,0203,0203,0203,0203,0334,0334,0334,0336,0203,0334,0337,0203,0203,0203,0334,0336,0203,0363,0331,0335,0335,0335,0335,0335,0322,0337,0362,0203,0203,0203,0334,0334,0334,0336,0203,0334,0337,0203,0203,0334,0336,0203,0363,0331,0335,0335,0335,0335,0324,0362,0203,0335,0337,0203,0335,0336,0203,0335,0335,0335,0337,0203,0203,0363,0335,0335,0335,0336,0330,0322,0335,0337,0362,0203,0334,0334,0334,0336,0203,0334,0334,0203,0363,0331,0320,0316,0337,0313,0304,0336,0336,0336,0333,0337,0337,0337,
01132:0350,0310,0335,0336,0362,0203,0334,0334,0203,0334,0334,0334,0337,0203,0363,0334,0334,0322,0362,0203,0334,0334,0334,0336,0203,0334,0334,0203,0363,0331,0335,0335,0324,0362,0203,0335,0335,0335,0337,0203,0335,0335,0335,0336,0203,0363,0334,0334,0326,0362,0203,0334,0334,0334,0337,0203,0334,0334,0334,0336,0203,0363,0335,0335,0331,0334,0337,0304,0335,0320,0313,0336,0336,0336,0333,0337,0337,0337,
