0220:0321,0342,0350,0335,0330,0336,0336,0341,0337,0337,0331,0335,0351,
0221:0220,0220,0220,0220,
0222:0305,0220,0220,0220,0220,0220,
0223:0306,0220,0220,0220,0220,0220,0220,
0224:0350,0220,0220,0220,0220,0220,0220,0220,0220,
0225:0306,0351,0220,0220,0220,0220,
0226:0366,0350,0335,0330,0330,0304,0334,0367,0335,0335,0366,0334,0331,0331,0350,0335,0367,0304,
0227:0321,0226,0226,0226,0226,
0230:0321,0306,0334,0366,0333,0333,0335,0304,0334,0367,0335,0335,0366,0333,0333,0334,0306,0335,0367,0366,0335,0330,0330,0304,0334,0367,0335,0335,0366,0333,0333,0334,0306,0335,0367,0366,0335,0330,0330,0304,0334,0367,0335,0335,0366,0333,0333,0334,0306,0335,0367,
0231:0305,0350,0334,0366,0333,0333,0335,0304,0334,0367,0335,0331,0331,0305,0350,0335,0366,0334,0330,0330,0304,0335,0367,0334,0331,0331,0305,0335,0304,
0232:0321,0231,0231,0231,0231,0231,
0233:0306,0350,0334,0366,0333,0333,0334,0334,0367,0335,0335,0335,0331,0331,0335,0366,0332,0332,0335,0335,0367,0334,0334,0334,0331,0331,0335,0335,
0234:0321,0233,0233,0233,0233,0233,0233,
0235:0304,0350,0350,0334,0366,0333,0333,0334,0334,0334,0367,0335,0335,0335,0335,0331,0331,0335,0366,0332,0332,0335,0335,0335,0367,0334,0334,0334,0334,0331,0331,0335,0335,
0236:0321,0235,0235,0235,0235,0235,0235,0235,0235,
0237:0321,0334,0362,0203,0306,0335,0335,0203,0203,0335,0335,0203,0203,0335,0335,0203,0354,
0240:0333,0337,0321,0200,
0241:0321,0334,0306,0362,0203,0335,0203,0335,0203,0335,0203,0335,0203,0335,0203,0354,
0242:0322,0334,0350,0362,0203,0335,0203,0335,0203,0335,0203,0335,0203,0335,0203,0335,0203,0335,0203,0363,0335,0321,0362,0203,0335,0203,0335,0203,0335,0203,0335,0203,0335,0203,0335,0203,0335,0203,0335,0354,
