0220:0200,0306,0335,0311,0336,0201,0334,0337,0201,0334,0334,0336,0342,0335,0337,0350,0334,0201,0334,0336,0201,0335,0335,0335,0335,0337,0331,0304,0333,0313,
0221:0336,0336,0336,0333,0337,0337,0337,0342,
0222:0334,0336,0336,0362,0203,0335,0203,0203,0334,0203,0335,0350,0310,0335,0337,0203,0203,0335,0335,0203,0203,0335,0335,0335,0336,0203,0304,0313,0334,0203,0203,0335,0203,0363,0335,0337,0337,
0223:0334,0336,0350,0310,0362,0203,0335,0335,0335,0337,0203,0335,0335,0203,0335,0335,0335,0336,0203,0363,0335,0335,0330,0330,0304,0313,0337,
0224:0220,0332,0221,0221,0221,0221,0221,0221,0221,0334,0336,0336,0336,0331,0337,0337,0337,0221,0221,0221,0221,0221,0221,0221,0335,0331,0336,0336,0336,0330,0337,0337,0337,0306,0313,0336,0336,0336,0330,0335,0337,0337,0337,0311,0336,0342,0337,0313,0336,0336,0336,0332,0337,0337,0337,0311,0336,0342,0337,0313,0336,0336,0336,0332,0337,0337,0337,0311,0336,0342,0337,0313,0336,0336,0336,0332,0337,0337,0337,0311,0336,0342,0337,0313,0336,0336,0336,0332,0337,0337,0337,0311,0336,0342,0337,0313,0336,0336,0336,0332,0337,0337,0337,0311,0336,0342,0337,0313,0336,0336,0336,0332,0337,0337,0337,0311,0336,0342,0337,0313,0336,0336,0336,0332,0337,0337,0337,0311,0336,0335,0335,0335,0331,0313,0336,0336,0336,0330,0334,0337,0337,0337,0311,0337,0342,0336,0313,0336,0336,0336,0333,0337,0337,0337,0311,0337,0342,0313,0336,0336,0336,0311,0336,0333,0337,0313,0337,0337,0337,0342,0336,0336,0336,0311,0336,0333,0337,0313,0337,0337,0337,0342,0336,0336,0336,0311,0336,0333,0337,0313,0337,0337,0337,0342,0336,0336,0336,0311,0336,0333,0337,0313,0337,0337,0337,0342,0336,0336,0336,0311,0336,0333,0337,0313,0337,0337,0337,0342,0335,0350,0335,0351,0306,0330,0335,0335,0335,0350,0342,0313,0336,0336,0336,0311,0336,0332,0337,0313,0337,0337,0337,0342,0336,0336,0336,0311,0336,0332,0337,0313,0337,0337,0337,0342,0336,0336,0336,0311,0336,0332,0337,0313,0337,0337,0337,0342,0336,0336,0336,0311,0336,0332,0337,0313,0337,0337,0337,0342,0336,0336,0336,0311,0336,0332,0337,0313,0337,0337,0337,0342,0336,0336,0336,0311,0336,0332,0337,0313,0337,0337,0337,0342,0336,0336,0336,0311,0336,0332,0337,0313,0337,0337,0337,0334,0311,0336,0331,0311,0337,0313,0336,0336,0336,0333,0337,0337,0337,0311,0336,0342,0337,0313,0336,0336,0336,0333,0337,0337,0337,0311,0336,0342,0337,0313,0336,0336,0336,0333,0337,0337,0337,0311,0336,0342,0337,0313,0336,0336,0336,0333,0337,0337,0337,0311,0336,0342,0337,0313,0336,0336,0336,0333,0337,0337,0337,0311,0336,0342,0337,0313,0336,0336,0336,0333,0337,0337,0337,0311,0336,0342,0337,0313,0336,0336,0336,0333,0337,0337,0337,0311,0336,0342,0337,0313,0336,0336,0336,0333,0334,0334,0313,0304,0337,0337,0337,0331,
0225:0332,0224,0333,0333,0224,0331,0332,0332,0332,0336,0330,0336,0330,0336,0337,0101,0143,0164,0151,0157,0156,040,0365,0333,0333,0333,0333,0333,0333,0333,0333,0123,0171,0155,0142,0157,0154,0365,0330,0337,0337,
0226:0333,0200,0332,0221,0221,0221,0221,0221,0221,0221,0336,0336,0336,0333,0337,0337,0337,0334,0221,0221,0221,0221,0221,0221,0221,0335,0331,0336,0336,0336,0330,0337,0337,0337,
0227:0224,0370,0332,0336,0336,0336,0331,0336,0336,0330,0333,0322,0337,060,0365,0333,0333,061,0365,0333,0333,062,0365,0333,0333,063,0365,0333,0333,064,0365,0333,0333,065,0365,0333,0333,066,0365,0333,0333,067,0365,0325,0333,0333,0330,0336,0331,0337,0311,0336,0306,060,0337,0365,0336,0333,0333,061,0337,0365,0336,0333,0333,062,0337,0365,0336,0333,0333,063,0337,0365,0336,0333,0333,064,0337,0365,0336,0333,0333,065,0337,0365,0336,0333,0333,066,0337,0365,0336,0333,0333,067,0337,0365,0336,0335,0337,0331,0331,0331,0331,0331,0331,0331,0331,0331,0334,0371,0326,0332,0336,0336,0336,0336,0336,0330,0332,0332,0337,060,0365,0330,0330,061,0365,0330,0330,062,0365,0330,0330,063,0365,0330,0330,064,0365,0330,0330,065,0365,0330,0330,066,0365,0330,0330,067,0365,0371,0320,0336,0331,0332,0336,0330,0332,0336,0331,0337,060,0365,0336,0336,0333,0333,0333,0337,0337,0172,0326,0365,0336,0336,0333,0333,0333,0337,0337,0171,0325,0365,0336,0336,0333,0333,0333,0337,0337,0170,0322,0365,0371,0320,
0230:0336,0336,0336,060,062,060,060,072,060,063,066,062,054,060,062,060,063,054,060,063,063,064,054,060,062,060,063,054,060,063,063,064,054,060,062,060,063,054,060,063,060,064,054,060,062,060,063,054,060,063,063,064,054,060,063,065,064,054,0365,0337,0337,0337,
0231:0336,0336,0336,0331,1300,0333,0333,0333,1304,1305,1306,0331,0332,0332,0332,0332,0332,0332,0332,1310,1311,1312,1313,1314,1316,0333,0331,0332,0332,0332,0332,0332,0332,0332,1320,1321,1322,1323,1324,1325,1326,1327,0331,0332,0332,0332,0332,0332,0332,0332,0332,1330,1331,1332,1333,1334,1335,1336,1337,0330,0330,0201,0201,0334,0201,0201,0201,0201,0201,0201,0201,0201,0335,0333,0333,0333,0333,0333,0333,0331,0333,0333,0331,0331,0331,0337,0337,0332,0332,0337,
0232:0336,0336,0336,0331,01340,01341,01342,01343,01344,01345,01346,01347,0331,0332,0332,0332,0332,0332,0332,0332,0332,01350,01351,01352,01353,01354,01355,01356,01357,0331,0332,0332,0332,0332,0332,01360,01361,01362,01363,01364,01365,01366,01367,0331,0332,0332,0332,0332,0332,0332,0332,0332,01370,01371,01372,01373,01374,01375,01376,01377,0337,0337,0337,0332,
0233:0231,0232,
0234:0331,226,0336,0331,0337,0332,0226,0330,0332,0336,0330,0336,0336,0331,0336,0336,0330,0333,0337,0333,0333,041,0365,0333,0333,042,0365,0333,0333,043,0365,0333,0333,044,0365,0333,0333,045,0365,0333,0333,046,0365,0333,0333,047,0365,0331,0331,0337,0337,0337,0332,0332,0336,0336,0333,0336,050,0365,0333,0333,051,0365,0333,0333,052,0365,0333,0333,053,0365,0333,0333,054,0365,0333,0333,055,0365,0333,0333,056,0365,0333,0333,057,0365,0331,0331,0337,0337,0337,0337,0332,0336,0336,0336,0333,0336,060,0365,0333,0333,061,0365,0333,0333,062,0365,0333,0333,063,0365,0333,0333,064,0365,0333,0333,065,0365,0333,0333,066,0365,0333,0333,067,0365,0331,0331,0337,0337,0337,0337,0332,0336,0336,0336,0333,0336,070,0365,0333,0333,071,0365,0333,0333,072,0365,0333,0333,073,0365,0333,0333,074,0365,0333,0333,075,0365,0333,0333,076,0365,0333,0333,077,0365,0337,0337,0337,0337,0332,0336,0330,0336,0336,0333,0336,0336,0331,0332,0337,0337,0337,0337,0337,
0235:0332,0321,0337,0362,0203,0335,0311,0337,0203,0335,0336,0203,0335,0337,0203,0354,0335,0336,0333,0200,0350,0334,0343,0335,0330,0336,0331,0335,0343,0335,0342,0334,0335,0330,0336,0331,0335,0343,0335,0342,0330,0336,0331,0335,0343,0335,0342,0330,0336,0331,0335,0343,0335,0342,0330,0336,0331,0335,0343,0335,0342,0334,0334,0330,0337,0331,0335,0335,0331,0334,0334,0337,0331,0335,0335,0337,0337,0337,0331,0334,0334,0304,0313,0336,0333,0320,
0236:0335,0331,0337,0321,0305,0362,0203,0335,0335,0203,0335,0335,0203,0335,0335,0203,0335,0335,0203,0354,0335,0350,0335,0311,0336,0362,0203,0335,0335,0203,0335,0335,0203,0335,0335,0203,0335,0335,0203,0354,0335,0335,0335,0337,0313,0336,0330,0304,0334,0320,
0237:0330,0306,0335,0335,0321,0362,0203,0335,0203,0335,0203,0335,0203,0335,0203,0335,0203,0335,0354,0330,0335,0335,0350,0335,0312,0337,0362,0203,0334,0334,0334,0334,0203,0334,0334,0334,0334,0203,0354,0334,0336,0331,0334,0337,0362,0203,0334,0334,0334,0334,0203,0334,0334,0334,0334,0203,0354,0334,0336,0331,0334,0334,0330,0304,0313,0320,
0240:0336,0336,0336,0330,0337,0337,0337,0210,0210,0210,0210,0222,0211,0211,0211,0211,0330,0336,0336,0336,0331,0337,0337,0337,
0241:0336,0330,0337,0210,0210,0221,0211,0211,0330,0336,0331,0337,
0242:0336,0330,0225,0330,0337,
0243:0224,0320,0336,0330,0337,
0244:0243,0243,0243,0243,
0245:0321,0337,0201,0320,0336,0334,0336,0336,0306,0336,0362,0203,0335,0335,0337,0203,0335,0335,0203,0335,0335,0336,0203,0363,0304,0335,0337,0337,0337,0337,0331,0336,
0246:0320,0335,0306,0350,0334,0330,0321,0337,0366,0336,0331,0335,0335,0330,0337,0336,0336,0336,0336,0336,0330,0337,0337,0337,0337,0337,0367,0336,0336,0336,0336,0336,0331,0335,0337,0320,0337,0362,0203,0334,0334,0334,0334,0203,0334,0334,0334,0334,0203,0363,0335,0337,0337,0330,0335,0335,0304,
0247:0341,0333,0336,0332,0341,
0250:0234,
01220:0333,0200,0336,0332,0220,0333,0337,
01221:0333,0200,0332,0221,0221,0221,0221,0221,0221,0221,0336,0336,0336,0333,0337,0337,0337,
01222:0333,0200,0336,0332,0337,0222,0336,0333,0337,0331,0330,
01223:0333,0200,0336,0332,0337,0223,0336,0333,0337,0331,
01224:0333,0200,0336,0336,0332,0337,0337,0210,0210,0224,0211,0211,0336,0336,0333,0337,0337,
01225:0333,0200,0336,0330,0332,0336,0332,0336,0333,0337,0200,0333,0333,0200,0331,0334,0336,0333,0337,0342,0330,0330,0342,0335,0333,0333,0331,0336,0333,0331,0337,0337,0337,
01226:0226,
01227:0333,0200,0336,0336,0336,0330,0332,0332,0330,0337,0337,0337,0210,0210,0210,0210,0227,0211,0211,0211,0211,0336,0336,0333,0331,0337,0337,
01230:0333,0200,0336,0330,0332,0336,0332,0332,0336,0333,0337,060,062,060,060,072,0365,0336,0332,0337,0337,0333,0331,0333,0337,
01231:0333,0200,0332,0336,0330,0330,0337,0231,0333,0336,0331,0337,
01232:0333,0200,0336,0330,0332,0332,0337,0232,0333,
01233:0333,0200,0330,0332,0233,0333,
01234:0330,0234,0333,0331,
01235:0333,0200,0336,0332,0336,0330,0332,0235,0333,0333,0333,0336,0336,0331,0331,0331,0331,0337,0337,0337,0337,
01236:0333,0200,0336,0330,0330,0332,0336,0331,0337,0236,0333,0331,0331,0336,0330,0337,0337,
01237:0333,0200,0336,0330,0332,0237,0333,0331,0337,
01240:0333,0200,0336,0336,0332,0332,0240,0333,0333,0337,0337,
01241:0333,0200,0336,0332,0241,0333,0337,
01242:0333,0200,0336,0332,0332,0336,0330,0330,0242,0336,0331,0331,0331,0331,0332,0337,0337,0337,
01243:0333,0200,0336,0332,0332,0243,0337,
01244:0333,0200,0332,0336,0330,0336,0336,0243,0243,0243,0243,0331,0331,0331,0331,0337,0337,0337,
01245:0333,0200,0336,0332,0336,0331,0337,0245,0333,0336,0330,0337,0337,
01246:0333,0200,0330,0332,0336,0331,0336,0332,0337,0246,0333,0333,0336,0333,0331,0331,0337,0337,
01247:0333,0200,0336,0330,0332,0337,0247,0336,0333,0331,0337,
