0220:0336,0332,0337,0326,0333,0336,0204,0330,0333,0204,0331,0327,0204,0330,0332,0204,0333,0331,0337,0321,0200,0332,0320,
0221:0336,0335,0306,0326,0362,0203,0334,0334,0203,0334,0334,0203,0363,0331,0334,0322,0362,0203,0334,0334,0203,0334,0334,0203,0363,0335,0335,0324,0362,0203,0335,0335,0203,0335,0335,0203,0363,0331,0334,0325,0362,0203,0334,0334,0203,0334,0334,0203,0363,0331,0337,0321,0362,0203,0334,0334,0203,0334,0334,0203,0354,0331,0304,0334,0336,0320,0337,
0222:0335,0305,0311,0324,0362,0203,0334,0334,0203,0334,0350,0334,0336,0203,0363,0331,0334,0335,0334,0322,0334,0334,0362,0203,0335,0335,0203,0335,0335,0335,0335,0337,0203,0363,0335,0335,0336,0324,0336,0362,0203,0335,0335,0337,0335,0203,0335,0335,0335,0335,0203,0363,0335,0335,0335,0336,0330,0322,0335,0335,0362,0203,0335,0335,0203,0335,0335,0335,0335,0337,0203,0363,0335,0335,0324,0362,0203,0335,0335,0335,0335,0203,0335,0335,0335,0336,0203,0363,0335,0335,0335,0331,0337,0331,0321,0337,0337,0362,0203,0335,0335,0335,0335,0203,0335,0335,0335,0336,0203,0354,0304,0335,0313,0320,
0223:0322,0335,0305,0350,0311,0362,0203,0334,0334,0334,0334,0203,0334,0334,0334,0336,0203,0363,0335,0335,0335,0335,0337,0324,0362,0203,0335,0335,0335,0335,0336,0203,0335,0335,0203,0363,0335,0335,0335,0335,0335,0330,0334,0334,0334,0334,0322,0336,0362,0362,0203,0335,0335,0335,0335,0203,0335,0335,0335,0336,0203,0363,0331,0335,0335,0335,0362,0203,0335,0335,0335,0335,0203,0335,0335,0335,0336,0203,0363,0331,0337,0331,0337,0337,0337,0321,0362,0337,0203,0335,0335,0335,0335,0336,0203,0335,0335,0203,0354,0331,0334,0334,0304,0335,0313,0320,
0224:0336,0200,0337,0200,0336,0330,0332,0200,0333,0331,0337,
0225:0335,0306,0362,0203,0334,0334,0203,0334,0334,0203,0354,0336,0331,0334,0342,0334,0342,0330,0335,0335,0342,0330,0335,0330,0304,0335,0337,
0226:0335,0305,0311,0362,0203,0334,0350,0334,0337,0203,0334,0334,0334,0334,0203,0354,0335,0335,0335,0335,0335,0335,0336,0201,0334,0334,0334,0334,0336,0201,0335,0335,0335,0335,0201,0334,0334,0334,0334,0336,0201,0335,0335,0335,0335,0201,0334,0334,0334,0334,0336,0201,0335,0335,0335,0337,0330,0337,0337,0337,0331,0335,0335,0304,0334,0336,0313,
0227:0306,0350,0335,0335,0312,0362,0203,0335,0335,0203,0335,0335,0335,0335,0335,0337,0203,0354,0335,0335,0335,0335,0335,0336,0330,0335,0335,0335,0336,0342,0335,0335,0342,0335,0335,0335,0335,0331,0334,0336,0201,0334,0334,0201,0331,0334,0336,0342,0334,0334,0342,0330,0335,0335,0335,0335,0330,0330,0337,0337,0330,0337,0337,0335,0335,0335,0336,0313,0304,
0230:0336,0333,0337,0334,0305,0350,0311,0362,0203,0335,0335,0203,0335,0335,0203,0335,0335,0203,0335,0335,0203,0354,0335,0335,0335,0337,0362,0203,0335,0335,0335,0335,0203,0335,0335,0335,0335,0203,0335,0335,0335,0335,0203,0335,0335,0335,0335,0203,0354,0335,0335,0335,0335,0336,0336,0330,0336,0337,0331,0334,0337,0313,0336,0330,0304,0335,0337,
0231:0306,0362,0203,0334,0203,0334,0203,0334,0203,0334,0203,0334,0203,0354,0334,0312,0350,0334,0337,0342,0334,0334,0342,0330,0335,0335,0335,0335,0342,0336,0334,0330,0335,0335,0335,0337,0342,0335,0335,0342,0334,0334,0330,0335,0335,0335,0335,0342,0336,0313,0337,0335,0342,0335,0335,0336,0330,0334,0334,0334,0334,0337,0342,0336,0335,0335,0330,0334,0334,0334,0337,0334,0342,0334,0334,0334,0334,0334,0334,0331,0335,0335,0336,0306,
0232:0306,0362,0203,0335,0335,0203,0335,0335,0203,0354,0335,0335,
0233:0311,0362,0203,0335,0337,0203,0335,0336,0203,0335,0335,0334,0337,0203,0335,0354,0336,0333,0200,0330,0336,0331,0335,0200,0330,0336,0333,0331,0200,0334,0336,0200,0330,0332,0336,0333,0200,0330,0336,0333,0331,0200,0330,0337,0337,0332,0337,0337,0330,0337,0332,0331,0333,0350,0334,0343,0335,0330,0336,0331,0335,0343,0335,0330,0336,0331,0335,0343,0335,0330,0336,0331,0335,0343,0335,0330,0336,0331,0335,0343,0335,0330,0336,0331,0335,0343,0334,0330,0304,0337,0332,0337,0337,0337,0330,0337,0332,0331,0313,0304,
